0 0.520445 0.7768825 0.14755500000000002 0.101765
1 0.341555 0.3662225 0.086445 0.13211250000000002
2 0.5727333333333333 0.60324 0.0848 0.12728
3 0.45616666666666666 0.58974 0.09833333333333333 0.14628
6 0.6803 0.7720375 0.0626 0.124875
5 0.7449333333333334 0.7424850000000001 0.06186666666666667 0.1247675
4 0.27708333333333335 0.59353 0.06638833333333333 0.11106
8 0.18341666666666667 0.44603 0.10238833333333335 0.151895
7 0.7251383333333333 0.414785 0.09138833333333334 0.14023750000000001
10 0.5148883333333333 0.42053250000000003 0.09588833333333334 0.1434
9 0.3206116666666667 0.7550325 0.10733333333333334 0.1748975
12 0.17977833333333335 0.7604099999999999 0.108445 0.1664875
11 0.6016116666666667 0.31453250000000005 0.09377833333333332 0.1355625