9 0.3595833333333333 0.298125 0.10583333333333333 0.17625
9 0.48083333333333333 0.685625 0.11833333333333333 0.16625
1 0.6066666666666667 0.32375 0.09 0.1375
1 0.61875 0.495 0.09083333333333334 0.13
12 0.4845833333333333 0.335 0.10583333333333333 0.16
12 0.48083333333333333 0.5125 0.11166666666666666 0.155
12 0.34541666666666665 0.658125 0.1075 0.16625
11 0.23 0.303125 0.09666666666666666 0.14625
11 0.23208333333333334 0.473125 0.09416666666666666 0.13625
11 0.3541666666666667 0.47375 0.08833333333333333 0.1425
10 0.6191666666666666 0.676875 0.08833333333333333 0.14375
10 0.23125 0.65875 0.08916666666666667 0.1325